   0.000E+00   0.000E+00   0.000E+00
   1.000E-08   3.481E-03  -2.677E-11
   2.000E-08   3.442E-03  -2.694E-11
   3.000E-08   3.399E-03  -2.709E-11
   4.000E-08   3.360E-03  -2.729E-11
   5.000E-08   3.319E-03  -2.749E-11
   6.000E-08   3.265E-03  -2.756E-11
   7.000E-08   3.220E-03  -2.775E-11
   8.000E-08   3.174E-03  -2.793E-11
   9.000E-08   3.126E-03  -2.812E-11
   1.000E-07   3.076E-03  -2.830E-11
   1.100E-07   3.010E-03  -2.830E-11
   1.200E-07   2.964E-03  -2.856E-11
   1.300E-07   2.903E-03  -2.864E-11
   1.400E-07   2.854E-03  -2.889E-11
   1.500E-07   2.790E-03  -2.897E-11
   1.600E-07   2.709E-03  -2.887E-11
   1.700E-07   2.656E-03  -2.910E-11
   1.800E-07   2.588E-03  -2.917E-11
   1.900E-07   2.531E-03  -2.939E-11
   2.000E-07   2.462E-03  -2.946E-11
   2.100E-07   2.402E-03  -2.967E-11
   2.200E-07   2.330E-03  -2.973E-11
   2.300E-07   2.241E-03  -2.961E-11
   2.400E-07   2.178E-03  -2.979E-11
   2.500E-07   2.086E-03  -2.966E-11
   2.600E-07   2.028E-03  -2.992E-11
   2.700E-07   1.987E-03  -3.040E-11
   2.800E-07   1.893E-03  -3.026E-11
   2.900E-07   1.798E-03  -3.010E-11
   3.000E-07   1.737E-03  -3.037E-11
   3.100E-07   1.641E-03  -3.021E-11
   3.200E-07   1.594E-03  -3.065E-11
   3.300E-07   1.495E-03  -3.048E-11
   3.400E-07   1.396E-03  -3.031E-11
   3.500E-07   1.334E-03  -3.058E-11
   3.600E-07   1.283E-03  -3.099E-11
   3.700E-07   1.182E-03  -3.080E-11
   3.800E-07   1.080E-03  -3.061E-11
   3.900E-07   9.780E-04  -3.042E-11
   4.000E-07   9.149E-04  -3.069E-11
   4.100E-07   8.595E-04  -3.105E-11
   4.200E-07   7.561E-04  -3.084E-11
   4.300E-07   6.524E-04  -3.063E-11
   4.400E-07   5.893E-04  -3.090E-11
   4.500E-07   4.854E-04  -3.069E-11
   4.600E-07   4.266E-04  -3.101E-11
   4.700E-07   3.219E-04  -3.078E-11
   4.800E-07   3.040E-04  -3.158E-11
   4.900E-07   1.120E-04  -3.030E-11
   5.000E-07   9.403E-05  -3.110E-11
   5.100E-07  -1.087E-05  -3.085E-11
   5.200E-07  -1.161E-04  -3.059E-11
   5.300E-07  -1.341E-04  -3.138E-11
   5.400E-07  -3.260E-04  -3.007E-11
   5.500E-07  -3.438E-04  -3.084E-11
   5.600E-07  -4.445E-04  -3.062E-11
   5.700E-07  -5.528E-04  -3.029E-11
   5.800E-07  -5.700E-04  -3.105E-11
   5.900E-07  -7.609E-04  -2.972E-11
   6.000E-07  -7.774E-04  -3.046E-11
   6.100E-07  -8.729E-04  -3.026E-11
   6.200E-07  -9.834E-04  -2.986E-11
   6.300E-07  -9.988E-04  -3.059E-11
   6.400E-07  -1.188E-03  -2.923E-11
   6.500E-07  -1.202E-03  -2.996E-11
   6.600E-07  -1.291E-03  -2.977E-11
   6.700E-07  -1.403E-03  -2.930E-11
   6.800E-07  -1.416E-03  -3.001E-11
   6.900E-07  -1.601E-03  -2.862E-11
   7.000E-07  -1.613E-03  -2.932E-11
   7.100E-07  -1.623E-03  -3.001E-11
   7.200E-07  -1.806E-03  -2.861E-11
   7.300E-07  -1.815E-03  -2.929E-11
   7.400E-07  -1.893E-03  -2.913E-11
   7.500E-07  -2.004E-03  -2.854E-11
   7.600E-07  -2.010E-03  -2.921E-11
   7.700E-07  -2.189E-03  -2.777E-11
   7.800E-07  -2.193E-03  -2.843E-11
   7.900E-07  -2.262E-03  -2.829E-11
   8.000E-07  -2.372E-03  -2.763E-11
   8.100E-07  -2.373E-03  -2.827E-11
   8.200E-07  -2.546E-03  -2.680E-11
   8.300E-07  -2.544E-03  -2.743E-11
   8.400E-07  -2.603E-03  -2.731E-11
   8.500E-07  -2.711E-03  -2.657E-11
   8.600E-07  -2.706E-03  -2.718E-11
   8.700E-07  -2.872E-03  -2.569E-11
   8.800E-07  -2.864E-03  -2.629E-11
   8.900E-07  -2.912E-03  -2.618E-11
   9.000E-07  -3.016E-03  -2.537E-11
   9.100E-07  -3.004E-03  -2.596E-11
   9.200E-07  -3.162E-03  -2.444E-11
   9.300E-07  -3.147E-03  -2.501E-11
   9.400E-07  -3.130E-03  -2.558E-11
   9.500E-07  -3.283E-03  -2.404E-11
   9.600E-07  -3.315E-03  -2.396E-11
   9.700E-07  -3.361E-03  -2.368E-11
   9.800E-07  -3.267E-03  -2.508E-11
   9.900E-07  -3.412E-03  -2.352E-11
   1.000E-06  -3.457E-03  -2.317E-11
   1.010E-06  -3.600E-03  -2.159E-11
   1.020E-06  -3.493E-03  -2.305E-11
   1.030E-06  -3.630E-03  -2.147E-11
   1.040E-06  -3.673E-03  -2.103E-11
   1.050E-06  -3.556E-03  -2.252E-11
   1.060E-06  -3.687E-03  -2.093E-11
   1.070E-06  -3.728E-03  -2.042E-11
   1.080E-06  -3.600E-03  -2.196E-11
   1.090E-06  -3.724E-03  -2.035E-11
   1.100E-06  -3.763E-03  -1.977E-11
   1.110E-06  -3.624E-03  -2.135E-11
   1.120E-06  -3.741E-03  -1.974E-11
   1.130E-06  -3.777E-03  -1.909E-11
   1.140E-06  -3.890E-03  -1.745E-11
   1.150E-06  -3.737E-03  -1.908E-11
   1.160E-06  -3.843E-03  -1.745E-11
   1.170E-06  -3.875E-03  -1.671E-11
   1.180E-06  -3.710E-03  -1.839E-11
   1.190E-06  -3.809E-03  -1.675E-11
   1.200E-06  -3.837E-03  -1.595E-11
   1.210E-06  -3.660E-03  -1.768E-11
   1.220E-06  -3.751E-03  -1.603E-11
   1.230E-06  -3.775E-03  -1.516E-11
   1.240E-06  -3.862E-03  -1.349E-11
   1.250E-06  -3.668E-03  -1.528E-11
   1.260E-06  -3.747E-03  -1.362E-11
   1.270E-06  -3.766E-03  -1.267E-11
   1.280E-06  -3.559E-03  -1.451E-11
   1.290E-06  -3.629E-03  -1.285E-11
   1.300E-06  -3.644E-03  -1.184E-11
   1.310E-06  -3.424E-03  -1.373E-11
   1.320E-06  -3.485E-03  -1.207E-11
   1.330E-06  -3.494E-03  -1.100E-11
   1.340E-06  -3.549E-03  -9.314E-12
   1.350E-06  -3.313E-03  -1.128E-11
   1.360E-06  -3.316E-03  -1.016E-11
   1.370E-06  -3.362E-03  -8.472E-12
   1.380E-06  -3.111E-03  -1.049E-11
   1.390E-06  -3.148E-03  -8.824E-12
   1.400E-06  -3.144E-03  -7.636E-12
   1.410E-06  -4.273E-02   4.970E-10
   1.420E-06  -4.103E-02   4.773E-10
   1.430E-06  -3.934E-02   4.576E-10
   1.440E-06  -3.764E-02   4.379E-10
   1.450E-06  -3.594E-02   4.181E-10
   1.460E-06  -3.424E-02   3.984E-10
   1.470E-06  -3.255E-02   3.786E-10
   1.480E-06  -3.085E-02   3.589E-10
   1.490E-06  -2.915E-02   3.391E-10
   1.500E-06  -2.745E-02   3.194E-10
   1.510E-06  -2.575E-02   2.996E-10
   1.520E-06  -2.405E-02   2.798E-10
   1.530E-06  -2.235E-02   2.601E-10
   1.540E-06  -2.065E-02   2.403E-10
   1.550E-06  -1.895E-02   2.205E-10
   1.560E-06  -1.725E-02   2.007E-10
   1.570E-06  -1.554E-02   1.809E-10
   1.580E-06  -1.384E-02   1.612E-10
   1.590E-06  -1.214E-02   1.414E-10
   1.600E-06  -1.044E-02   1.216E-10
   1.610E-06  -8.738E-03   1.018E-10
   1.620E-06  -7.036E-03   8.194E-11
   1.630E-06  -5.334E-03   6.213E-11
   1.640E-06  -3.632E-03   4.231E-11
   1.650E-06  -1.930E-03   2.248E-11
   1.660E-06  -2.278E-04   2.654E-12
   1.670E-06   2.977E-04  -2.568E-12
   1.680E-06   3.629E-04  -2.107E-12
   1.690E-06   4.276E-04  -1.677E-12
   1.700E-06   4.852E-04  -1.197E-12
   1.710E-06   8.552E-04  -4.620E-12
   1.720E-06   9.112E-04  -4.190E-12
   1.730E-06   9.560E-04  -3.658E-12
   1.740E-06   1.310E-03  -6.987E-12
   1.750E-06   1.358E-03  -6.560E-12
   1.760E-06   1.390E-03  -5.981E-12
   1.770E-06   1.729E-03  -9.217E-12
   1.780E-06   1.752E-03  -8.590E-12
   1.790E-06   1.789E-03  -8.173E-12
   1.800E-06   1.805E-03  -7.535E-12
   1.810E-06   2.123E-03  -1.065E-11
   1.820E-06   2.153E-03  -1.024E-11
   1.830E-06   2.157E-03  -9.565E-12
   1.840E-06   2.461E-03  -1.259E-11
   1.850E-06   2.483E-03  -1.220E-11
   1.860E-06   2.476E-03  -1.149E-11
   1.870E-06   2.765E-03  -1.443E-11
   1.880E-06   2.749E-03  -1.367E-11
   1.890E-06   2.762E-03  -1.330E-11
   1.900E-06   3.037E-03  -1.617E-11
   1.910E-06   3.046E-03  -1.581E-11
   1.920E-06   3.017E-03  -1.503E-11
   1.930E-06   2.984E-03  -1.423E-11
   1.940E-06   2.947E-03  -1.343E-11
   1.950E-06   3.491E-03  -1.971E-11
   1.960E-06   3.445E-03  -1.885E-11
   1.970E-06   3.485E-03  -1.906E-11
   1.980E-06   3.435E-03  -1.822E-11
   1.990E-06   3.382E-03  -1.737E-11
   2.000E-06   3.325E-03  -1.650E-11
   2.010E-06   3.266E-03  -1.563E-11
   2.020E-06   3.769E-03  -2.162E-11
   2.030E-06   3.807E-03  -2.200E-11
   2.040E-06   3.739E-03  -2.111E-11
   2.050E-06   3.667E-03  -2.020E-11
   2.060E-06   3.591E-03  -1.929E-11
   2.070E-06   3.513E-03  -1.837E-11
   2.080E-06   3.432E-03  -1.745E-11
   2.090E-06   3.897E-03  -2.316E-11
   2.100E-06   3.935E-03  -2.373E-11
   2.110E-06   3.846E-03  -2.279E-11
   2.120E-06   3.753E-03  -2.183E-11
   2.130E-06   3.658E-03  -2.087E-11
   2.140E-06   3.560E-03  -1.991E-11
   2.150E-06   3.993E-03  -2.538E-11
   2.160E-06   3.887E-03  -2.437E-11
   2.170E-06   3.927E-03  -2.515E-11
   2.180E-06   3.819E-03  -2.416E-11
   2.190E-06   3.708E-03  -2.316E-11
   2.200E-06   3.594E-03  -2.216E-11
   2.210E-06   3.477E-03  -2.115E-11
   2.220E-06   3.875E-03  -2.635E-11
   2.230E-06   3.919E-03  -2.732E-11
   2.240E-06   3.796E-03  -2.630E-11
   2.250E-06   3.671E-03  -2.527E-11
   2.260E-06   3.543E-03  -2.423E-11
   2.270E-06   3.412E-03  -2.320E-11
   2.280E-06   3.781E-03  -2.816E-11
   2.290E-06   3.643E-03  -2.708E-11
   2.300E-06   3.693E-03  -2.826E-11
   2.310E-06   3.555E-03  -2.721E-11
   2.320E-06   3.414E-03  -2.615E-11
   2.330E-06   3.271E-03  -2.508E-11
   2.340E-06   3.127E-03  -2.401E-11
   2.350E-06   3.462E-03  -2.870E-11
   2.360E-06   3.519E-03  -3.008E-11
   2.370E-06   3.368E-03  -2.900E-11
   2.380E-06   3.216E-03  -2.791E-11
   2.390E-06   3.063E-03  -2.681E-11
   2.400E-06   2.907E-03  -2.572E-11
   2.410E-06   3.215E-03  -3.019E-11
   2.420E-06   3.053E-03  -2.904E-11
   2.430E-06   3.120E-03  -3.064E-11
   2.440E-06   2.958E-03  -2.953E-11
   2.450E-06   2.794E-03  -2.841E-11
   2.460E-06   2.629E-03  -2.729E-11
   2.470E-06   2.463E-03  -2.616E-11
   2.480E-06   2.741E-03  -3.036E-11
   2.490E-06   2.817E-03  -3.215E-11
   2.500E-06   2.647E-03  -3.102E-11
   2.510E-06   2.475E-03  -2.987E-11
   2.520E-06   2.302E-03  -2.873E-11
   2.530E-06   2.128E-03  -2.757E-11
   2.540E-06   1.952E-03  -2.642E-11
   2.550E-06   2.202E-03  -3.034E-11
   2.560E-06   2.291E-03  -3.237E-11
   2.570E-06   2.112E-03  -3.120E-11
   2.580E-06   1.933E-03  -3.003E-11
   2.590E-06   1.752E-03  -2.885E-11
   2.600E-06   1.571E-03  -2.767E-11
   2.610E-06   1.797E-03  -3.136E-11
   2.620E-06   1.611E-03  -3.014E-11
   2.630E-06   1.716E-03  -3.239E-11
   2.640E-06   1.531E-03  -3.119E-11
   2.650E-06   1.346E-03  -2.999E-11
   2.660E-06   1.159E-03  -2.878E-11
   2.670E-06   9.726E-04  -2.757E-11
   2.680E-06   1.174E-03  -3.099E-11
   2.690E-06   1.293E-03  -3.343E-11
   2.700E-06   1.104E-03  -3.221E-11
   2.710E-06   9.154E-04  -3.098E-11
   2.720E-06   7.262E-04  -2.974E-11
   2.730E-06   5.365E-04  -2.851E-11
   2.740E-06   7.171E-04  -3.169E-11
   2.750E-06   5.236E-04  -3.040E-11
   2.760E-06   6.613E-04  -3.307E-11
   2.770E-06   4.706E-04  -3.182E-11
   2.780E-06   2.796E-04  -3.055E-11
   2.790E-06   8.851E-05  -2.929E-11
   2.800E-06  -1.027E-04  -2.801E-11
   2.810E-06   5.548E-05  -3.092E-11
   2.820E-06   2.106E-04  -3.378E-11
   2.830E-06   1.932E-05  -3.249E-11
   2.840E-06  -1.719E-04  -3.120E-11
   2.850E-06  -3.630E-04  -2.990E-11
   2.860E-06  -5.539E-04  -2.860E-11
   2.870E-06  -4.133E-04  -3.126E-11
   2.880E-06  -6.071E-04  -2.991E-11
   2.890E-06  -4.299E-04  -3.300E-11
   2.900E-06  -6.199E-04  -3.167E-11
   2.910E-06  -8.095E-04  -3.034E-11
   2.920E-06  -9.987E-04  -2.901E-11
   2.930E-06  -1.188E-03  -2.767E-11
   2.940E-06  -1.066E-03  -3.004E-11
   2.950E-06  -8.685E-04  -3.332E-11
   2.960E-06  -1.056E-03  -3.196E-11
   2.970E-06  -1.243E-03  -3.060E-11
   2.980E-06  -1.429E-03  -2.923E-11
   2.990E-06  -1.614E-03  -2.786E-11
   3.000E-06  -1.799E-03  -2.648E-11
   3.010E-06  -1.694E-03  -2.856E-11
   3.020E-06  -1.472E-03  -3.206E-11
   3.030E-06  -1.654E-03  -3.067E-11
   3.040E-06  -1.835E-03  -2.926E-11
   3.050E-06  -2.016E-03  -2.786E-11
   3.060E-06  -2.195E-03  -2.644E-11
   3.070E-06  -2.104E-03  -2.828E-11
   3.080E-06  -2.285E-03  -2.682E-11
   3.090E-06  -2.035E-03  -3.054E-11
   3.100E-06  -2.210E-03  -2.910E-11
   3.110E-06  -2.385E-03  -2.766E-11
   3.120E-06  -2.558E-03  -2.621E-11
   3.130E-06  -2.729E-03  -2.475E-11
   3.140E-06  -2.651E-03  -2.630E-11
   3.150E-06  -2.377E-03  -3.021E-11
   3.160E-06  -2.545E-03  -2.873E-11
   3.170E-06  -2.712E-03  -2.726E-11
   3.180E-06  -2.877E-03  -2.577E-11
   3.190E-06  -3.040E-03  -2.428E-11
   3.200E-06  -2.972E-03  -2.558E-11
   3.210E-06  -3.136E-03  -2.404E-11
   3.220E-06  -2.832E-03  -2.817E-11
   3.230E-06  -2.989E-03  -2.666E-11
   3.240E-06  -3.145E-03  -2.514E-11
   3.250E-06  -3.298E-03  -2.361E-11
   3.260E-06  -3.450E-03  -2.208E-11
   3.270E-06  -3.393E-03  -2.309E-11
   3.280E-06  -3.062E-03  -2.741E-11
   3.290E-06  -3.208E-03  -2.586E-11
   3.300E-06  -3.353E-03  -2.431E-11
   3.310E-06  -3.496E-03  -2.275E-11
   3.320E-06  -3.636E-03  -2.119E-11
   3.330E-06  -3.775E-03  -1.962E-11
   3.340E-06  -3.725E-03  -2.034E-11
   3.350E-06  -3.361E-03  -2.488E-11
   3.360E-06  -1.028E-01   1.199E-09
   3.370E-06  -1.012E-01   1.179E-09
   3.380E-06  -9.951E-02   1.160E-09
   3.390E-06  -9.784E-02   1.140E-09
   3.400E-06  -9.617E-02   1.121E-09
   3.410E-06  -9.450E-02   1.101E-09
   3.420E-06  -9.283E-02   1.081E-09
   3.430E-06  -9.116E-02   1.062E-09
   3.440E-06  -8.948E-02   1.042E-09
   3.450E-06  -8.781E-02   1.023E-09
   3.460E-06  -8.613E-02   1.003E-09
   3.470E-06  -8.446E-02   9.834E-10
   3.480E-06  -8.278E-02   9.638E-10
   3.490E-06  -8.110E-02   9.441E-10
   3.500E-06  -7.942E-02   9.245E-10
   3.510E-06  -7.774E-02   9.049E-10
   3.520E-06  -7.605E-02   8.852E-10
   3.530E-06  -7.437E-02   8.656E-10
   3.540E-06  -7.269E-02   8.459E-10
   3.550E-06  -7.100E-02   8.263E-10
   3.560E-06  -6.932E-02   8.066E-10
   3.570E-06  -6.763E-02   7.870E-10
   3.580E-06  -6.595E-02   7.673E-10
   3.590E-06  -6.426E-02   7.476E-10
   3.600E-06  -6.257E-02   7.280E-10
   3.610E-06  -6.088E-02   7.083E-10
   3.620E-06  -5.919E-02   6.886E-10
   3.630E-06  -5.750E-02   6.689E-10
   3.640E-06  -5.581E-02   6.492E-10
   3.650E-06  -5.412E-02   6.295E-10
   3.660E-06  -5.242E-02   6.098E-10
   3.670E-06  -5.073E-02   5.901E-10
   3.680E-06  -4.904E-02   5.704E-10
   3.690E-06  -4.734E-02   5.507E-10
   3.700E-06  -4.565E-02   5.310E-10
   3.710E-06  -4.395E-02   5.113E-10
   3.720E-06  -4.226E-02   4.916E-10
   3.730E-06  -4.056E-02   4.718E-10
   3.740E-06  -3.887E-02   4.521E-10
   3.750E-06  -3.717E-02   4.324E-10
   3.760E-06  -3.547E-02   4.126E-10
   3.770E-06  -3.377E-02   3.929E-10
   3.780E-06  -3.207E-02   3.731E-10
   3.790E-06  -3.037E-02   3.534E-10
   3.800E-06  -2.868E-02   3.336E-10
   3.810E-06  -2.698E-02   3.139E-10
   3.820E-06  -2.528E-02   2.941E-10
   3.830E-06  -2.358E-02   2.744E-10
   3.840E-06  -2.188E-02   2.546E-10
   3.850E-06  -2.018E-02   2.348E-10
   3.860E-06  -1.847E-02   2.150E-10
   3.870E-06  -1.677E-02   1.952E-10
   3.880E-06  -1.507E-02   1.755E-10
   3.890E-06  -1.337E-02   1.557E-10
   3.900E-06  -1.167E-02   1.359E-10
   3.910E-06  -9.967E-03   1.161E-10
   3.920E-06  -8.265E-03   9.625E-11
   3.930E-06  -6.563E-03   7.644E-11
   3.940E-06  -4.861E-03   5.662E-11
   3.950E-06  -3.159E-03   3.680E-11
   3.960E-06  -1.457E-03   1.698E-11
   3.970E-06   2.449E-04  -2.853E-12
   3.980E-06   8.889E-05   3.808E-13
   3.990E-06   7.988E-04  -7.168E-12
   4.000E-06   2.145E-04   1.299E-12
   4.010E-06   9.172E-04  -6.222E-12
   4.020E-06   3.223E-04   2.291E-12
   4.030E-06   1.018E-03  -5.203E-12
   4.040E-06   1.673E-03  -1.222E-11
   4.050E-06   1.101E-03  -4.115E-12
   4.060E-06   1.787E-03  -1.158E-11
   4.070E-06   1.167E-03  -2.962E-12
   4.080E-06   1.846E-03  -1.040E-11
   4.090E-06   1.216E-03  -1.745E-12
   4.100E-06   1.888E-03  -9.161E-12
   4.110E-06   2.480E-03  -1.561E-11
   4.120E-06   1.914E-03  -7.863E-12
   4.130E-06   2.578E-03  -1.525E-11
   4.140E-06   1.924E-03  -6.509E-12
   4.150E-06   2.581E-03  -1.388E-11
   4.160E-06   1.918E-03  -5.101E-12
   4.170E-06   2.568E-03  -1.245E-11
   4.180E-06   3.097E-03  -1.834E-11
   4.190E-06   2.541E-03  -1.098E-11
   4.200E-06   3.183E-03  -1.831E-11
   4.210E-06   2.498E-03  -9.452E-12
   4.220E-06   3.134E-03  -1.677E-11
   4.230E-06   2.440E-03  -7.882E-12
   4.240E-06   3.070E-03  -1.518E-11
   4.250E-06   3.698E-03  -2.248E-11
   4.260E-06   2.992E-03  -1.355E-11
   4.270E-06   3.615E-03  -2.084E-11
   4.280E-06   2.900E-03  -1.189E-11
   4.290E-06   3.517E-03  -1.916E-11
   4.300E-06   3.942E-03  -2.411E-11
   4.310E-06   3.406E-03  -1.744E-11
   4.320E-06   4.015E-03  -2.469E-11
   4.330E-06   3.282E-03  -1.568E-11
   4.340E-06   3.886E-03  -2.293E-11
   4.350E-06   3.144E-03  -1.389E-11
   4.360E-06   3.743E-03  -2.113E-11
   4.370E-06   4.108E-03  -2.554E-11
   4.380E-06   3.588E-03  -1.930E-11
   4.390E-06   4.180E-03  -2.652E-11
   4.400E-06   3.421E-03  -1.743E-11
   4.410E-06   4.009E-03  -2.465E-11
   4.420E-06   3.242E-03  -1.554E-11
   4.430E-06   3.825E-03  -2.275E-11
   4.440E-06   4.130E-03  -2.663E-11
   4.450E-06   3.630E-03  -2.082E-11
   4.460E-06   4.206E-03  -2.802E-11
   4.470E-06   3.424E-03  -1.887E-11
   4.480E-06   3.996E-03  -2.606E-11
   4.490E-06   3.207E-03  -1.688E-11
   4.500E-06   3.775E-03  -2.407E-11
   4.510E-06   4.341E-03  -3.125E-11
   4.520E-06   3.543E-03  -2.206E-11
   4.530E-06   4.105E-03  -2.924E-11
   4.540E-06   3.302E-03  -2.002E-11
   4.550E-06   3.860E-03  -2.720E-11
   4.560E-06   3.051E-03  -1.797E-11
   4.570E-06   3.605E-03  -2.513E-11
   4.580E-06   4.159E-03  -3.230E-11
   4.590E-06   3.342E-03  -2.305E-11
   4.600E-06   3.891E-03  -3.021E-11
   4.610E-06   3.069E-03  -2.094E-11
   4.620E-06   3.615E-03  -2.810E-11
   4.630E-06   3.768E-03  -3.056E-11
   4.640E-06   3.331E-03  -2.597E-11
   4.650E-06   3.872E-03  -3.312E-11
   4.660E-06   3.038E-03  -2.382E-11
   4.670E-06   3.577E-03  -3.097E-11
   4.680E-06   2.738E-03  -2.165E-11
   4.690E-06   3.273E-03  -2.880E-11
   4.700E-06   3.372E-03  -3.073E-11
   4.710E-06   2.963E-03  -2.660E-11
   4.720E-06   3.495E-03  -3.374E-11
   4.730E-06   2.646E-03  -2.439E-11
   4.740E-06   3.175E-03  -3.153E-11
   4.750E-06   2.322E-03  -2.216E-11
   4.760E-06   2.848E-03  -2.929E-11
   4.770E-06   2.894E-03  -3.070E-11
   4.780E-06   2.516E-03  -2.704E-11
   4.790E-06   3.039E-03  -3.417E-11
   4.800E-06   2.178E-03  -2.477E-11
   4.810E-06   2.699E-03  -3.189E-11
   4.820E-06   1.835E-03  -2.249E-11
   4.830E-06   2.354E-03  -2.960E-11
   4.840E-06   2.872E-03  -3.672E-11
   4.850E-06   2.003E-03  -2.729E-11
   4.860E-06   2.520E-03  -3.440E-11
   4.870E-06   1.649E-03  -2.496E-11
   4.880E-06   2.163E-03  -3.207E-11
   4.890E-06   1.289E-03  -2.262E-11
   4.900E-06   1.802E-03  -2.972E-11
   4.910E-06   2.315E-03  -3.682E-11
   4.920E-06   1.438E-03  -2.735E-11
   4.930E-06   1.949E-03  -3.445E-11
   4.940E-06   1.070E-03  -2.496E-11
   4.950E-06   1.580E-03  -3.206E-11
   4.960E-06   1.492E-03  -3.202E-11
   4.970E-06   1.208E-03  -2.964E-11
   4.980E-06   1.716E-03  -3.673E-11
   4.990E-06   8.337E-04  -2.721E-11
   5.000E-06   1.341E-03  -3.429E-11
   5.010E-06   4.571E-04  -2.476E-11
   5.020E-06   9.635E-04  -3.184E-11
   5.030E-06   8.298E-04  -3.127E-11
   5.040E-06   5.844E-04  -2.936E-11
   5.050E-06   1.090E-03  -3.643E-11
   5.060E-06   2.039E-04  -2.687E-11
   5.070E-06   7.090E-04  -3.393E-11
   5.080E-06  -1.776E-04  -2.435E-11
   5.090E-06   3.272E-04  -3.141E-11
   5.100E-06   1.493E-04  -3.029E-11
   5.110E-06  -5.520E-05  -2.886E-11
   5.120E-06   4.494E-04  -3.591E-11
   5.130E-06  -4.377E-04  -2.630E-11
   5.140E-06   6.683E-05  -3.334E-11
   5.150E-06  -8.201E-04  -2.371E-11
   5.160E-06  -3.154E-04  -3.074E-11
   5.170E-06   1.894E-04  -3.778E-11
   5.180E-06  -6.970E-04  -2.813E-11
   5.190E-06  -1.918E-04  -3.515E-11
   5.200E-06  -1.078E-03  -2.549E-11
   5.210E-06  -5.720E-04  -3.251E-11
   5.220E-06  -8.204E-04  -3.047E-11
   5.230E-06  -9.507E-04  -2.984E-11
   5.240E-06  -4.441E-04  -3.685E-11
   5.250E-06  -1.328E-03  -2.715E-11
   5.260E-06  -8.201E-04  -3.415E-11
   5.270E-06  -1.702E-03  -2.444E-11
   5.280E-06  -1.194E-03  -3.143E-11
   5.290E-06  -1.481E-03  -2.884E-11
   5.300E-06  -1.631E-01   1.915E-09
   5.310E-06  -1.614E-01   1.896E-09
   5.320E-06  -1.598E-01   1.876E-09
   5.330E-06  -1.582E-01   1.857E-09
   5.340E-06  -1.566E-01   1.837E-09
   5.350E-06  -1.550E-01   1.818E-09
   5.360E-06  -1.534E-01   1.799E-09
   5.370E-06  -1.517E-01   1.779E-09
   5.380E-06  -1.501E-01   1.760E-09
   5.390E-06  -1.485E-01   1.740E-09
   5.400E-06  -1.469E-01   1.721E-09
   5.410E-06  -1.452E-01   1.701E-09
   5.420E-06  -1.436E-01   1.682E-09
   5.430E-06  -1.420E-01   1.662E-09
   5.440E-06  -1.404E-01   1.643E-09
   5.450E-06  -1.387E-01   1.623E-09
   5.460E-06  -1.371E-01   1.604E-09
   5.470E-06  -1.354E-01   1.584E-09
   5.480E-06  -1.338E-01   1.565E-09
   5.490E-06  -1.322E-01   1.545E-09
   5.500E-06  -1.305E-01   1.526E-09
   5.510E-06  -1.289E-01   1.506E-09
   5.520E-06  -1.272E-01   1.487E-09
   5.530E-06  -1.256E-01   1.467E-09
   5.540E-06  -1.239E-01   1.448E-09
   5.550E-06  -1.223E-01   1.428E-09
   5.560E-06  -1.206E-01   1.409E-09
   5.570E-06  -1.190E-01   1.389E-09
   5.580E-06  -1.173E-01   1.370E-09
   5.590E-06  -1.157E-01   1.350E-09
   5.600E-06  -1.140E-01   1.331E-09
   5.610E-06  -1.124E-01   1.311E-09
   5.620E-06  -1.107E-01   1.291E-09
   5.630E-06  -1.090E-01   1.272E-09
   5.640E-06  -1.074E-01   1.252E-09
   5.650E-06  -1.057E-01   1.233E-09
   5.660E-06  -1.040E-01   1.213E-09
   5.670E-06  -1.024E-01   1.194E-09
   5.680E-06  -1.007E-01   1.174E-09
   5.690E-06  -9.905E-02   1.154E-09
   5.700E-06  -9.738E-02   1.135E-09
   5.710E-06  -9.571E-02   1.115E-09
   5.720E-06  -9.404E-02   1.096E-09
   5.730E-06  -9.237E-02   1.076E-09
   5.740E-06  -9.069E-02   1.056E-09
   5.750E-06  -8.902E-02   1.037E-09
   5.760E-06  -8.734E-02   1.017E-09
   5.770E-06  -8.567E-02   9.976E-10
   5.780E-06  -8.399E-02   9.779E-10
   5.790E-06  -8.231E-02   9.583E-10
   5.800E-06  -8.063E-02   9.387E-10
   5.810E-06  -7.895E-02   9.191E-10
   5.820E-06  -7.727E-02   8.994E-10
   5.830E-06  -7.559E-02   8.798E-10
   5.840E-06  -7.390E-02   8.601E-10
   5.850E-06  -7.222E-02   8.405E-10
   5.860E-06  -7.054E-02   8.208E-10
   5.870E-06  -6.885E-02   8.012E-10
   5.880E-06  -6.716E-02   7.815E-10
   5.890E-06  -6.548E-02   7.618E-10
   5.900E-06  -6.379E-02   7.422E-10
   5.910E-06  -6.210E-02   7.225E-10
   5.920E-06  -6.041E-02   7.028E-10
   5.930E-06  -5.872E-02   6.831E-10
   5.940E-06  -5.703E-02   6.634E-10
   5.950E-06  -5.534E-02   6.438E-10
   5.960E-06  -5.365E-02   6.241E-10
   5.970E-06  -5.195E-02   6.044E-10
   5.980E-06  -5.026E-02   5.847E-10
   5.990E-06  -4.857E-02   5.650E-10
   6.000E-06  -4.687E-02   5.452E-10
   6.010E-06  -4.518E-02   5.255E-10
   6.020E-06  -4.348E-02   5.058E-10
   6.030E-06  -4.179E-02   4.861E-10
   6.040E-06  -4.009E-02   4.664E-10
   6.050E-06  -3.839E-02   4.466E-10
   6.060E-06  -3.670E-02   4.269E-10
   6.070E-06  -3.500E-02   4.072E-10
   6.080E-06  -3.330E-02   3.874E-10
   6.090E-06  -3.160E-02   3.677E-10
   6.100E-06  -2.990E-02   3.479E-10
   6.110E-06  -2.820E-02   3.282E-10
   6.120E-06  -2.650E-02   3.084E-10
   6.130E-06  -2.480E-02   2.886E-10
   6.140E-06  -2.310E-02   2.689E-10
   6.150E-06  -2.140E-02   2.491E-10
   6.160E-06  -1.970E-02   2.293E-10
   6.170E-06  -1.800E-02   2.095E-10
   6.180E-06  -1.630E-02   1.897E-10
   6.190E-06  -1.460E-02   1.700E-10
   6.200E-06  -1.290E-02   1.502E-10
   6.210E-06  -1.120E-02   1.304E-10
   6.220E-06  -9.495E-03   1.106E-10
   6.230E-06  -7.793E-03   9.075E-11
   6.240E-06  -6.091E-03   7.094E-11
   6.250E-06  -4.389E-03   5.112E-11
   6.260E-06  -2.687E-03   3.130E-11
   6.270E-06  -9.846E-04   1.147E-11
   6.280E-06  -5.112E-04   6.903E-12
   6.290E-06   2.006E-04  -6.523E-13
   6.300E-06   8.978E-04  -8.052E-12
   6.310E-06   3.240E-04   2.751E-13
   6.320E-06   1.026E-03  -7.243E-12
   6.330E-06   4.295E-04   1.276E-12
   6.340E-06   1.124E-03  -6.216E-12
   6.350E-06   5.174E-04   2.346E-12
   6.360E-06   1.205E-03  -5.120E-12
   6.370E-06   1.890E-03  -1.258E-11
   6.380E-06   1.269E-03  -3.958E-12
   6.390E-06   1.947E-03  -1.139E-11
   6.400E-06   1.316E-03  -2.734E-12
   6.410E-06   1.987E-03  -1.015E-11
   6.420E-06   2.577E-03  -1.657E-11
   6.430E-06   2.011E-03  -8.843E-12
   6.440E-06   2.674E-03  -1.623E-11
   6.450E-06   2.019E-03  -7.482E-12
   6.460E-06   2.675E-03  -1.485E-11
   6.470E-06   2.011E-03  -6.068E-12
   6.480E-06   2.661E-03  -1.342E-11
   6.490E-06   3.188E-03  -1.928E-11
   6.500E-06   2.631E-03  -1.194E-11
   6.510E-06   3.273E-03  -1.926E-11
   6.520E-06   2.586E-03  -1.041E-11
   6.530E-06   3.222E-03  -1.772E-11
   6.540E-06   2.527E-03  -8.831E-12
   6.550E-06   3.156E-03  -1.613E-11
   6.560E-06   3.621E-03  -2.145E-11
   6.570E-06   3.077E-03  -1.450E-11
   6.580E-06   3.698E-03  -2.178E-11
   6.590E-06   2.983E-03  -1.283E-11
   6.600E-06   3.599E-03  -2.009E-11
   6.610E-06   2.875E-03  -1.111E-11
   6.620E-06   3.486E-03  -1.837E-11
   6.630E-06   4.095E-03  -2.563E-11
   6.640E-06   3.360E-03  -1.661E-11
   6.650E-06   3.964E-03  -2.386E-11
   6.660E-06   3.221E-03  -1.482E-11
   6.670E-06   3.820E-03  -2.205E-11
   6.680E-06   3.070E-03  -1.299E-11
   6.690E-06   3.663E-03  -2.022E-11
   6.700E-06   4.255E-03  -2.744E-11
   6.710E-06   3.495E-03  -1.835E-11
   6.720E-06   4.081E-03  -2.557E-11
   6.730E-06   3.314E-03  -1.646E-11
   6.740E-06   3.896E-03  -2.366E-11
   6.750E-06   4.200E-03  -2.753E-11
   6.760E-06   3.700E-03  -2.173E-11
   6.770E-06   4.276E-03  -2.893E-11
   6.780E-06   3.492E-03  -1.977E-11
   6.790E-06   4.064E-03  -2.696E-11
   6.800E-06   3.274E-03  -1.779E-11
   6.810E-06   3.841E-03  -2.497E-11
   6.820E-06   4.087E-03  -2.831E-11
   6.830E-06   3.609E-03  -2.296E-11
   6.840E-06   4.171E-03  -3.014E-11
   6.850E-06   3.366E-03  -2.092E-11
   6.860E-06   3.924E-03  -2.810E-11
   6.870E-06   3.114E-03  -1.887E-11
   6.880E-06   3.668E-03  -2.603E-11
   6.890E-06   3.858E-03  -2.884E-11
   6.900E-06   3.403E-03  -2.395E-11
   6.910E-06   3.952E-03  -3.111E-11
   6.920E-06   3.129E-03  -2.184E-11
   6.930E-06   3.675E-03  -2.899E-11
   6.940E-06   2.847E-03  -1.971E-11
   6.950E-06   3.390E-03  -2.686E-11
   6.960E-06   3.931E-03  -3.401E-11
   6.970E-06   3.096E-03  -2.471E-11
   6.980E-06   3.634E-03  -3.186E-11
   6.990E-06   2.795E-03  -2.254E-11
   7.000E-06   3.330E-03  -2.968E-11
   7.010E-06   3.427E-03  -3.160E-11
   7.020E-06   3.019E-03  -2.749E-11
   7.030E-06   3.550E-03  -3.463E-11
   7.040E-06   2.701E-03  -2.528E-11
   7.050E-06   3.230E-03  -3.241E-11
   7.060E-06   2.376E-03  -2.305E-11
   7.070E-06   2.903E-03  -3.018E-11
   7.080E-06   2.947E-03  -3.156E-11
   7.090E-06   2.570E-03  -2.792E-11
   7.100E-06   3.092E-03  -3.505E-11
   7.110E-06   2.231E-03  -2.565E-11
   7.120E-06   2.751E-03  -3.277E-11
   7.130E-06   1.887E-03  -2.336E-11
   7.140E-06   2.405E-03  -3.048E-11
   7.150E-06   2.399E-03  -3.133E-11
   7.160E-06   2.055E-03  -2.817E-11
   7.170E-06   2.571E-03  -3.528E-11
   7.180E-06   1.699E-03  -2.584E-11
   7.190E-06   2.213E-03  -3.294E-11
   7.200E-06   1.340E-03  -2.349E-11
   7.210E-06   1.852E-03  -3.059E-11
   7.220E-06   1.797E-03  -3.091E-11
   7.230E-06   1.488E-03  -2.822E-11
   7.240E-06   1.998E-03  -3.532E-11
   7.250E-06  -2.192E-01   2.604E-09
   7.260E-06  -2.177E-01   2.585E-09
   7.270E-06  -2.161E-01   2.566E-09
   7.280E-06  -2.146E-01   2.547E-09
   7.290E-06  -2.130E-01   2.528E-09
   7.300E-06  -2.115E-01   2.508E-09
   7.310E-06  -2.100E-01   2.489E-09
   7.320E-06  -2.084E-01   2.470E-09
   7.330E-06  -2.069E-01   2.451E-09
   7.340E-06  -2.053E-01   2.432E-09
   7.350E-06  -2.038E-01   2.412E-09
   7.360E-06  -2.022E-01   2.393E-09
   7.370E-06  -2.007E-01   2.374E-09
   7.380E-06  -1.991E-01   2.355E-09
   7.390E-06  -1.975E-01   2.335E-09
   7.400E-06  -1.960E-01   2.316E-09
   7.410E-06  -1.944E-01   2.297E-09
   7.420E-06  -1.928E-01   2.277E-09
   7.430E-06  -1.913E-01   2.258E-09
   7.440E-06  -1.897E-01   2.239E-09
   7.450E-06  -1.881E-01   2.220E-09
   7.460E-06  -1.865E-01   2.200E-09
   7.470E-06  -1.849E-01   2.181E-09
   7.480E-06  -1.834E-01   2.162E-09
   7.490E-06  -1.818E-01   2.142E-09
   7.500E-06  -1.802E-01   2.123E-09
   7.510E-06  -1.786E-01   2.104E-09
   7.520E-06  -1.770E-01   2.084E-09
   7.530E-06  -1.754E-01   2.065E-09
   7.540E-06  -1.738E-01   2.045E-09
   7.550E-06  -1.722E-01   2.026E-09
   7.560E-06  -1.706E-01   2.007E-09
   7.570E-06  -1.690E-01   1.987E-09
   7.580E-06  -1.674E-01   1.968E-09
   7.590E-06  -1.658E-01   1.949E-09
   7.600E-06  -1.642E-01   1.929E-09
   7.610E-06  -1.626E-01   1.910E-09
   7.620E-06  -1.610E-01   1.890E-09
   7.630E-06  -1.594E-01   1.871E-09
   7.640E-06  -1.578E-01   1.851E-09
   7.650E-06  -1.562E-01   1.832E-09
   7.660E-06  -1.545E-01   1.813E-09
   7.670E-06  -1.529E-01   1.793E-09
   7.680E-06  -1.513E-01   1.774E-09
   7.690E-06  -1.497E-01   1.754E-09
   7.700E-06  -1.480E-01   1.735E-09
   7.710E-06  -1.464E-01   1.715E-09
   7.720E-06  -1.448E-01   1.696E-09
   7.730E-06  -1.432E-01   1.676E-09
   7.740E-06  -1.415E-01   1.657E-09
   7.750E-06  -1.399E-01   1.637E-09
   7.760E-06  -1.383E-01   1.618E-09
   7.770E-06  -1.366E-01   1.598E-09
   7.780E-06  -1.350E-01   1.579E-09
   7.790E-06  -1.333E-01   1.559E-09
   7.800E-06  -1.317E-01   1.540E-09
   7.810E-06  -1.301E-01   1.520E-09
   7.820E-06  -1.284E-01   1.501E-09
   7.830E-06  -1.268E-01   1.481E-09
   7.840E-06  -1.251E-01   1.462E-09
   7.850E-06  -1.235E-01   1.442E-09
   7.860E-06  -1.218E-01   1.423E-09
   7.870E-06  -1.202E-01   1.403E-09
   7.880E-06  -1.185E-01   1.384E-09
   7.890E-06  -1.169E-01   1.364E-09
   7.900E-06  -1.152E-01   1.345E-09
   7.910E-06  -1.136E-01   1.325E-09
   7.920E-06  -1.119E-01   1.306E-09
   7.930E-06  -1.102E-01   1.286E-09
   7.940E-06  -1.086E-01   1.266E-09
   7.950E-06  -1.069E-01   1.247E-09
   7.960E-06  -1.053E-01   1.227E-09
   7.970E-06  -1.036E-01   1.208E-09
   7.980E-06  -1.019E-01   1.188E-09
   7.990E-06  -1.003E-01   1.169E-09
   8.000E-06  -9.859E-02   1.149E-09
   8.010E-06  -9.692E-02   1.129E-09
   8.020E-06  -9.525E-02   1.110E-09
   8.030E-06  -9.357E-02   1.090E-09
   8.040E-06  -9.190E-02   1.071E-09
   8.050E-06  -9.023E-02   1.051E-09
   8.060E-06  -8.855E-02   1.031E-09
   8.070E-06  -8.688E-02   1.012E-09
   8.080E-06  -8.520E-02   9.921E-10
   8.090E-06  -8.352E-02   9.725E-10
   8.100E-06  -8.184E-02   9.529E-10
   8.110E-06  -8.016E-02   9.332E-10
   8.120E-06  -7.848E-02   9.136E-10
   8.130E-06  -7.680E-02   8.940E-10
   8.140E-06  -7.512E-02   8.743E-10
   8.150E-06  -7.344E-02   8.547E-10
   8.160E-06  -7.175E-02   8.350E-10
   8.170E-06  -7.007E-02   8.154E-10
   8.180E-06  -6.838E-02   7.957E-10
   8.190E-06  -6.670E-02   7.760E-10
   8.200E-06  -6.501E-02   7.564E-10
   8.210E-06  -6.332E-02   7.367E-10
   8.220E-06  -6.163E-02   7.170E-10
   8.230E-06  -5.994E-02   6.973E-10
   8.240E-06  -5.825E-02   6.777E-10
   8.250E-06  -5.656E-02   6.580E-10
   8.260E-06  -5.487E-02   6.383E-10
   8.270E-06  -5.318E-02   6.186E-10
   8.280E-06  -5.148E-02   5.989E-10
   8.290E-06  -4.979E-02   5.792E-10
   8.300E-06  -4.810E-02   5.595E-10
   8.310E-06  -4.640E-02   5.398E-10
   8.320E-06  -4.471E-02   5.201E-10
   8.330E-06  -4.301E-02   5.003E-10
   8.340E-06  -4.132E-02   4.806E-10
   8.350E-06  -3.962E-02   4.609E-10
   8.360E-06  -3.792E-02   4.411E-10
   8.370E-06  -3.622E-02   4.214E-10
   8.380E-06  -3.453E-02   4.017E-10
   8.390E-06  -3.283E-02   3.819E-10
   8.400E-06  -3.113E-02   3.622E-10
   8.410E-06  -2.943E-02   3.424E-10
   8.420E-06  -2.773E-02   3.227E-10
   8.430E-06  -2.603E-02   3.029E-10
   8.440E-06  -2.433E-02   2.831E-10
   8.450E-06  -2.263E-02   2.634E-10
   8.460E-06  -2.093E-02   2.436E-10
   8.470E-06  -1.923E-02   2.238E-10
   8.480E-06  -1.753E-02   2.040E-10
   8.490E-06  -1.583E-02   1.843E-10
   8.500E-06  -1.413E-02   1.645E-10
   8.510E-06  -1.243E-02   1.447E-10
   8.520E-06  -1.072E-02   1.249E-10
   8.530E-06  -9.022E-03   1.051E-10
   8.540E-06  -7.320E-03   8.525E-11
   8.550E-06  -5.618E-03   6.543E-11
   8.560E-06  -3.916E-03   4.561E-11
   8.570E-06  -2.214E-03   2.579E-11
   8.580E-06  -1.110E-03   1.340E-11
   8.590E-06   8.870E-04  -1.010E-11
   8.600E-06   3.025E-04  -1.567E-12
   8.610E-06  -2.529E-04   6.557E-12
   8.620E-06   1.709E-03  -1.655E-11
   8.630E-06   1.109E-03  -7.952E-12
   8.640E-06   5.696E-04  -1.494E-13
   8.650E-06  -2.572E-05   8.298E-12
   8.660E-06   1.881E-03  -1.420E-11
   8.670E-06   1.260E-03  -5.515E-12
   8.680E-06   7.480E-04   1.779E-12
   8.690E-06   2.618E-03  -2.033E-11
   8.700E-06   1.983E-03  -1.158E-11
   8.710E-06   1.489E-03  -4.623E-12
   8.720E-06   8.589E-04   3.961E-12
   8.730E-06   2.673E-03  -1.754E-11
   8.740E-06   2.018E-03  -8.720E-12
   8.750E-06   1.554E-03  -2.282E-12
   8.760E-06   3.332E-03  -2.339E-11
   8.770E-06   2.663E-03  -1.452E-11
   8.780E-06   2.218E-03  -8.428E-12
   8.790E-06   1.555E-03   2.741E-13
   8.800E-06   3.278E-03  -2.023E-11
   8.810E-06   2.590E-03  -1.130E-11
   8.820E-06   2.176E-03  -5.738E-12
   8.830E-06   3.862E-03  -2.585E-11
   8.840E-06   3.162E-03  -1.687E-11
   8.850E-06   2.768E-03  -1.167E-11
   8.860E-06   2.076E-03  -2.864E-12
   8.870E-06   3.705E-03  -2.238E-11
   8.880E-06   2.988E-03  -1.334E-11
   8.890E-06   2.628E-03  -8.684E-12
   8.900E-06   4.220E-03  -2.780E-11
   8.910E-06   3.492E-03  -1.873E-11
   8.920E-06   3.153E-03  -1.444E-11
   8.930E-06   2.432E-03  -5.542E-12
   8.940E-06   3.969E-03  -2.406E-11
   8.950E-06   3.652E-03  -2.013E-11
   8.960E-06   2.920E-03  -1.120E-11
   8.970E-06   4.420E-03  -2.933E-11
   8.980E-06   3.664E-03  -2.017E-11
   8.990E-06   3.384E-03  -1.680E-11
   9.000E-06   4.846E-03  -3.454E-11
   9.010E-06   4.081E-03  -2.536E-11
   9.020E-06   3.823E-03  -2.236E-11
   9.030E-06   3.067E-03  -1.336E-11
   9.040E-06   4.473E-03  -3.049E-11
   9.050E-06   3.693E-03  -2.127E-11
   9.060E-06   3.474E-03  -1.884E-11
   9.070E-06   4.843E-03  -3.558E-11
   9.080E-06   4.054E-03  -2.633E-11
   9.090E-06   3.859E-03  -2.427E-11
   9.100E-06   3.080E-03  -1.521E-11
   9.110E-06   4.393E-03  -3.135E-11
   9.120E-06   3.591E-03  -2.206E-11
   9.130E-06   3.436E-03  -2.058E-11
   9.140E-06   4.712E-03  -3.633E-11
   9.150E-06   3.901E-03  -2.702E-11
   9.160E-06   3.772E-03  -2.592E-11
   9.170E-06   2.972E-03  -1.680E-11
   9.180E-06   4.192E-03  -3.195E-11
   9.190E-06  -2.735E-01   3.300E-09
   9.200E-06  -2.721E-01   3.281E-09
   9.210E-06  -2.707E-01   3.262E-09
   9.220E-06  -2.692E-01   3.243E-09
   9.230E-06  -2.678E-01   3.225E-09
   9.240E-06  -2.663E-01   3.206E-09
   9.250E-06  -2.649E-01   3.187E-09
   9.260E-06  -2.635E-01   3.168E-09
   9.270E-06  -2.620E-01   3.150E-09
   9.280E-06  -2.606E-01   3.131E-09
   9.290E-06  -2.591E-01   3.112E-09
   9.300E-06  -2.577E-01   3.093E-09
   9.310E-06  -2.562E-01   3.074E-09
   9.320E-06  -2.547E-01   3.055E-09
   9.330E-06  -2.533E-01   3.037E-09
   9.340E-06  -2.518E-01   3.018E-09
   9.350E-06  -2.503E-01   2.999E-09
   9.360E-06  -2.488E-01   2.980E-09
   9.370E-06  -2.474E-01   2.961E-09
   9.380E-06  -2.459E-01   2.942E-09
   9.390E-06  -2.444E-01   2.923E-09
   9.400E-06  -2.429E-01   2.904E-09
   9.410E-06  -2.414E-01   2.885E-09
   9.420E-06  -2.399E-01   2.866E-09
   9.430E-06  -2.384E-01   2.847E-09
   9.440E-06  -2.369E-01   2.828E-09
   9.450E-06  -2.354E-01   2.809E-09
   9.460E-06  -2.339E-01   2.790E-09
   9.470E-06  -2.324E-01   2.771E-09
   9.480E-06  -2.309E-01   2.752E-09
   9.490E-06  -2.294E-01   2.733E-09
   9.500E-06  -2.279E-01   2.714E-09
   9.510E-06  -2.264E-01   2.695E-09
   9.520E-06  -2.249E-01   2.675E-09
   9.530E-06  -2.233E-01   2.656E-09
   9.540E-06  -2.218E-01   2.637E-09
   9.550E-06  -2.203E-01   2.618E-09
   9.560E-06  -2.188E-01   2.599E-09
   9.570E-06  -2.172E-01   2.580E-09
   9.580E-06  -2.157E-01   2.561E-09
   9.590E-06  -2.142E-01   2.541E-09
   9.600E-06  -2.126E-01   2.522E-09
   9.610E-06  -2.111E-01   2.503E-09
   9.620E-06  -2.095E-01   2.484E-09
   9.630E-06  -2.080E-01   2.465E-09
   9.640E-06  -2.064E-01   2.445E-09
   9.650E-06  -2.049E-01   2.426E-09
   9.660E-06  -2.033E-01   2.407E-09
   9.670E-06  -2.018E-01   2.388E-09
   9.680E-06  -2.002E-01   2.368E-09
   9.690E-06  -1.987E-01   2.349E-09
   9.700E-06  -1.971E-01   2.330E-09
   9.710E-06  -1.955E-01   2.311E-09
   9.720E-06  -1.940E-01   2.291E-09
   9.730E-06  -1.924E-01   2.272E-09
   9.740E-06  -1.908E-01   2.253E-09
   9.750E-06  -1.892E-01   2.233E-09
   9.760E-06  -1.877E-01   2.214E-09
   9.770E-06  -1.861E-01   2.195E-09
   9.780E-06  -1.845E-01   2.176E-09
   9.790E-06  -1.829E-01   2.156E-09
   9.800E-06  -1.813E-01   2.137E-09
   9.810E-06  -1.798E-01   2.118E-09
   9.820E-06  -1.782E-01   2.098E-09
   9.830E-06  -1.766E-01   2.079E-09
   9.840E-06  -1.750E-01   2.059E-09
   9.850E-06  -1.734E-01   2.040E-09
   9.860E-06  -1.718E-01   2.021E-09
   9.870E-06  -1.702E-01   2.001E-09
   9.880E-06  -1.686E-01   1.982E-09
   9.890E-06  -1.670E-01   1.963E-09
   9.900E-06  -1.654E-01   1.943E-09
   9.910E-06  -1.638E-01   1.924E-09
   9.920E-06  -1.622E-01   1.904E-09
   9.930E-06  -1.605E-01   1.885E-09
   9.940E-06  -1.589E-01   1.866E-09
   9.950E-06  -1.573E-01   1.846E-09
   9.960E-06  -1.557E-01   1.827E-09
   9.970E-06  -1.541E-01   1.807E-09
   9.980E-06  -1.525E-01   1.788E-09
   9.990E-06  -1.508E-01   1.768E-09
   1.000E-05  -4.124E-12   4.804E-20